%YAML:1.0
ArmTipToMarkerTagTransform: !!opencv-matrix
   rows: 4
   cols: 4
   dt: d
   data: [ 4.4298894123801558e-01, -3.3066300167413620e-01,
       8.3332033292406360e-01, 3.3473756533342157e+02,
       1.0573062077771020e-01, 9.4228042095997522e-01,
       3.1769268815232732e-01, -1.0936109655359953e+03,
       -8.9027065197656718e-01, -5.2626871456909197e-02,
       4.5238101046559853e-01, 6.8623282108134134e+01, 0., 0., 0., 1. ]
