%YAML:1.0
frameCount: 8
T1_0: !!opencv-matrix
   rows: 4
   cols: 4
   dt: d
   data: [ 9.9944290311448880e-01, 1.5659454214873862e-03,
       -3.3338134756154207e-02, -3.6955925048845220e-02,
       -1.4678823564071011e-03, 9.9999452483845830e-01,
       2.9657401257860284e-03, 4.7614781891334453e-02,
       3.3342596411652221e-02, -2.9151514613946360e-03,
       9.9943972962679783e-01, 2.7948872881460787e+00, 0., 0., 0., 1. ]
T2_0: !!opencv-matrix
   rows: 4
   cols: 4
   dt: d
   data: [ 9.9662911297358525e-01, -1.1327024148515098e-02,
       -8.1253367298984427e-02, 8.7569716373934320e-02,
       1.2006116318989117e-02, 9.9989692138636621e-01,
       7.8739934595982389e-03, 1.3063395457597765e-02,
       8.1155802900468046e-02, -8.8229884963003571e-03,
       9.9666237539578795e-01, -1.4031027923634629e+00, 0., 0., 0., 1. ]
T1_1: !!opencv-matrix
   rows: 4
   cols: 4
   dt: d
   data: [ 9.9713773343558321e-01, 1.2194528260047143e-02,
       -7.4616580191421117e-02, 2.7267598267431847e-01,
       -1.3329384937992982e-02, 9.9980265610593455e-01,
       -1.4730116791563656e-02, 2.5762602674006607e-01,
       7.4422228239435784e-02, 1.5682548390909282e-02,
       9.9710349995366288e-01, 3.6008386199488491e+01, 0., 0., 0., 1. ]
T2_1: !!opencv-matrix
   rows: 4
   cols: 4
   dt: d
   data: [ 9.9082508620432441e-01, -2.5888051237232017e-02,
       -1.3264786975798559e-01, 4.6475219251487332e-01,
       2.4807375197773530e-02, 9.9964427853216564e-01,
       -9.7933923490795584e-03, 1.0832586108792812e-01,
       1.3285421590596946e-01, 6.4128933442377800e-03,
       9.9111484305047393e-01, -4.3663218879890593e+00, 0., 0., 0., 1. ]
T1_2: !!opencv-matrix
   rows: 4
   cols: 4
   dt: d
   data: [ 9.7890042838528424e-01, 1.1948164484608715e-02,
       -2.0398821699440325e-01, -1.5994528437394312e-01,
       -1.3962132746628164e-02, 9.9986693262008486e-01,
       -8.4365811836464143e-03, 2.6372226402897703e-01,
       2.0386027115716429e-01, 1.1106683499202552e-02,
       9.7893699052869387e-01, 3.8986873004154496e+01, 0., 0., 0., 1. ]
T2_2: !!opencv-matrix
   rows: 4
   cols: 4
   dt: d
   data: [ 9.6066519429960429e-01, -2.2267722446472099e-02,
       -2.7681497972174562e-01, 1.1145616214109357e+00,
       2.2467239203304137e-02, 9.9974457467111288e-01,
       -2.4512401467827170e-03, 8.1716566933746335e-02,
       2.7679885769974755e-01, -3.8644472725822324e-03,
       9.6092011032311753e-01, -4.5130162357772141e+00, 0., 0., 0., 1. ]
T1_3: !!opencv-matrix
   rows: 4
   cols: 4
   dt: d
   data: [ 8.3089724253239294e-01, 3.5561528036186702e-03,
       -5.5641452724502360e-01, -1.9267125456145593e+00,
       -9.6058896677757213e-03, 9.9992222864833635e-01,
       -7.9538379814227279e-03, 3.0099988519006277e-01,
       5.5634296907191727e-01, 1.1953678604576844e-02,
       8.3086678254222091e-01, 4.3037888990333130e+01, 0., 0., 0., 1. ]
T2_3: !!opencv-matrix
   rows: 4
   cols: 4
   dt: d
   data: [ 7.8593459074995198e-01, -1.0442570068213969e-02,
       -6.1822145853494603e-01, 2.7919008352004546e+00,
       1.2680580511027341e-02, 9.9991930224332781e-01,
       -7.6933680522284654e-04, 8.6168107585535100e-02,
       6.1817960330361033e-01, -7.2347585714354406e-03,
       7.8600358544207938e-01, -4.1311540895562571e+00, 0., 0., 0., 1. ]
T1_4: !!opencv-matrix
   rows: 4
   cols: 4
   dt: d
   data: [ 6.2465072922362019e-01, -1.8103219132337339e-02,
       -7.8069439599464652e-01, -3.6741263975801091e+00,
       -3.9753411856368551e-03, 9.9964458064293216e-01,
       -2.6361127701106671e-02, 3.0840459216895405e-01,
       7.8089414336570429e-01, 1.9570024227446664e-02,
       6.2435674979043820e-01, 4.4610652793486409e+01, 0., 0., 0., 1. ]
T2_4: !!opencv-matrix
   rows: 4
   cols: 4
   dt: d
   data: [ 5.3332660923648079e-01, 7.1606481168257855e-04,
       -8.4590910571497202e-01, 4.0353190593411847e+00,
       -6.8110883114225361e-03, 9.9997086059257301e-01,
       -3.4477589479284189e-03, 1.1382118089612378e-01,
       8.4588198760603250e-01, 7.6003432116245363e-03,
       5.3331594559579165e-01, -3.1852837920939865e+00, 0., 0., 0., 1. ]
T1_5: !!opencv-matrix
   rows: 4
   cols: 4
   dt: d
   data: [ 1.3874931063863138e-01, -2.4150027411317401e-02,
       -9.9003303226374084e-01, -8.6795491139067007e+00,
       -2.1196897893370564e-02, 9.9940117683582308e-01,
       -2.7349209474313300e-02, 2.2586267471925461e-01,
       9.9010066170920352e-01, 2.4780313057031055e-02,
       1.3815431867224759e-01, 4.6041103388073125e+01, 0., 0., 0., 1. ]
T2_5: !!opencv-matrix
   rows: 4
   cols: 4
   dt: d
   data: [ 6.9981438757480086e-02, -1.0880185380722787e-02,
       -9.9748895722986042e-01, 5.1240709801817985e+00,
       -8.6136819333949600e-03, 9.9989664807124967e-01,
       -1.1510762764896407e-02, 1.6851553084056342e-01,
       9.9751110405497911e-01, 9.3975923491353072e-03,
       6.9880487584561890e-02, -1.3775324323335736e+00, 0., 0., 0., 1. ]
T1_6: !!opencv-matrix
   rows: 4
   cols: 4
   dt: d
   data: [ 2.2274388031828907e-02, -2.0940432357364518e-02,
       -9.9953256571784288e-01, -1.1772353455628526e+01,
       -2.6486950028719761e-02, 9.9941731768055642e-01,
       -2.1528274393875124e-02, 1.6219334928016543e-01,
       9.9940096713780679e-01, 2.6954098257751417e-02,
       2.1706760954317006e-02, 4.6246390496554184e+01, 0., 0., 0., 1. ]
T2_6: !!opencv-matrix
   rows: 4
   cols: 4
   dt: d
   data: [ -3.5732408381058400e-02, -1.0926544275350537e-02,
       -9.9930165897064749e-01, 5.2508148760190325e+00,
       -4.3500560056059122e-03, 9.9993245471587422e-01,
       -1.0777894907364024e-02, 1.6392107808847856e-01,
       9.9935192600206546e-01, 3.9618980406991577e-03,
       -3.5777525904927332e-02, -1.1720252129020494e+00, 0., 0., 0., 1. ]
T1_7: !!opencv-matrix
   rows: 4
   cols: 4
   dt: d
   data: [ -2.1153128306655056e-02, -1.9068171301636239e-02,
       -9.9959439274440398e-01, -1.3757183437192706e+01,
       -2.3350628257745545e-02, 9.9955479167268235e-01,
       -1.8573276613163429e-02, 1.3203403422045445e-01,
       9.9950352341690674e-01, 2.2948274170228239e-02,
       -2.1588964537403665e-02, 4.6220574090187014e+01, 0., 0., 0., 1. ]
T2_7: !!opencv-matrix
   rows: 4
   cols: 4
   dt: d
   data: [ -7.7669445466869158e-02, -4.4612854279879702e-04,
       -9.9697906608423437e-01, 5.2999612565409544e+00,
       6.3159641873483554e-04, 9.9999967719513705e-01,
       -4.9668459372294500e-04, 1.0534883979834761e-01,
       9.9697896583971746e-01, -6.6826562465880182e-04,
       -7.7669138621604628e-02, -1.2051226355459683e+00, 0., 0., 0., 1. ]
